Run semi-empirical minimization
 &qmmm
    qm_theory='AM1', grms_tol=0.0005,
 scfconv=1.d-10, ndiis_attempts=700,   qmcharge=0,
 /
   6     C        1.1390       -1.3850        0.2710 
   8     O        2.5660       -1.3750        0.2970 
   6    C1        3.1350       -0.9630       -0.8660 
   8    O1        2.5370       -0.6210       -1.8770 
   6    C2        4.6090       -1.0430       -0.7700 
   6    C3        5.2820       -0.9280        0.4530 
   6    C4        6.6740       -1.0170        0.4930 
   6    C5        7.3960       -1.2240       -0.6830 
   6    C6        6.7300       -1.3310       -1.9050 
   6    C7        5.3390       -1.2340       -1.9500 
   1     H        0.7840       -1.6240        1.2780 
   1    H1        0.7770       -2.1550       -0.4170 
   1    H2        0.7490       -0.4010       -0.0070 
   1    H3        4.7310       -0.7580        1.3750 
   1    H4        7.1980       -0.9250        1.4420 
   1    H5        8.4800       -1.3000       -0.6490 
   1    H6        7.2940       -1.4870       -2.8200 
   1    H7        4.8240       -1.3150       -2.9060 

