Run semi-empirical minimization
 &qmmm
    qm_theory='AM1', grms_tol=0.0005,
 scfconv=1.d-10, ndiis_attempts=700,   qmcharge=0,
 /
   6     C        5.0950        0.6370        1.5860 
   6    C1        3.9070       -0.2840        1.3750 
   8     O        4.3270       -1.4980        0.7340 
   6    C2        4.4700       -1.4230       -0.6220 
   8    O1        4.2620       -0.4230       -1.3000 
   6    C3        4.9320       -2.7440       -1.1850 
   6    C4        6.4270       -2.8490       -1.2300 
   6    C5        7.2120       -3.3610       -0.2130 
  16     S        8.8770       -3.3760       -0.6030 
   6    C6        8.5780       -2.6920       -2.1390 
   6    C7        7.2370       -2.4500       -2.3440 
   1     H        4.7860        1.5630        2.0780 
   1    H1        5.5750        0.8900        0.6350 
   1    H2        5.8540        0.1450        2.2020 
   1    H3        3.1120        0.2070        0.8010 
   1    H4        3.4790       -0.5610        2.3440 
   1    H5        4.5090       -2.8430       -2.1910 
   1    H6        4.4970       -3.5600       -0.5960 
   1    H7        6.8880       -3.7350        0.7480 
   1    H8        9.3970       -2.4990       -2.8180 
   1    H9        6.8530       -2.0100       -3.2580 

