Run semi-empirical minimization
 &qmmm
    qm_theory='AM1', grms_tol=0.0005,
 scfconv=1.d-10, ndiis_attempts=700,   qmcharge=0,
 /
   6     C        2.3980        2.1820        0.2060 
   6    C1        2.4220        0.6620        0.2000 
   8     O        2.9630        0.2260        1.4550 
   6    C2        4.3210        0.1140        1.4830 
   8    O1        5.0490        0.1120        0.5000 
   6    C3        4.7930        0.0860        2.9160 
   6    C4        6.3150        0.1190        2.9800 
   6    C5        6.8300        0.2230        4.4160 
   6    C6        8.3280        0.2560        4.4520 
   6    C7        9.0940        1.4050        4.3890 
  16     S       10.7740        1.0850        4.4130 
   6    C8       10.5040       -0.5990        4.5100 
   6    C9        9.1620       -0.9080        4.5220 
   1     H        1.9980        2.5770       -0.7280 
   1    H1        3.4060        2.5850        0.3590 
   1    H2        1.7880        2.5440        1.0400 
   1    H3        2.9900        0.2740       -0.6530 
   1    H4        1.4050        0.2690        0.1180 
   1    H5        4.4040       -0.8150        3.4030 
   1    H6        4.3840        0.9710        3.4190 
   1    H7        6.6900        0.9700        2.3960 
   1    H8        6.7200       -0.7810        2.5020 
   1    H9        6.4640       -0.6290        5.0080 
   1   H10        6.4300        1.1290        4.8900 
   1   H11        8.7490        2.4280        4.3180 
   1   H12       11.3420       -1.2810        4.5460 
   1   H13        8.7920       -1.9250        4.5680 

