Run semi-empirical minimization
 &qmmm
    qm_theory='AM1', grms_tol=0.0005,
 scfconv=1.d-10, ndiis_attempts=700,   qmcharge=0,
 /
   6     C        1.1260        0.0130       -0.0610 
   6    C1        2.6340        0.0040       -0.0630 
   8     O        3.2390       -0.9510       -0.5500 
   7     N        3.2790        1.0990        0.4970 
   6    C2        2.6100        2.2500        1.0850 
   6    C3        4.7340        1.1280        0.5110 
   1     H        0.7600       -0.9060       -0.5300 
   1    H1        0.7500        0.8610       -0.6390 
   1    H2        0.7480        0.0420        0.9640 
   1    H3        1.5230        2.1760        1.0470 
   1    H4        2.9160        3.1490        0.5420 
   1    H5        2.9160        2.3360        2.1320 
   1    H6        5.1730        0.2360        0.0560 
   1    H7        5.0760        1.1950        1.5480 
   1    H8        5.0760        2.0080       -0.0420 

