Run semi-empirical minimization
 &qmmm
    qm_theory='AM1', grms_tol=0.0005,
 scfconv=1.d-10, ndiis_attempts=700,   qmcharge=0,
 /
   6     C        1.1170       -0.0710       -0.0360 
   6    C1        2.6410       -0.0330       -0.0250 
   6    C2        3.1760        0.1610        1.3940 
   6    C3        4.7050        0.2200        1.4330 
  16     S        5.2140        0.5140        3.1500 
   6    C4        6.9630        0.3390        3.0080 
   8     O        7.5520        0.5970        1.9680 
   6    C5        7.6750       -0.2120        4.1970 
   6    C6        7.1890       -0.0650        5.5060 
   6    C7        7.8320       -0.6900        6.5770 
   6    C8        8.9720       -1.4630        6.3480 
   6    C9        9.4890       -1.5750        5.0590 
   6   C10        8.8520       -0.9450        3.9870 
   1     H        0.7460       -0.2040       -1.0570 
   1    H1        0.6990        0.8610        0.3570 
   1    H2        0.7400       -0.8990        0.5730 
   1    H3        2.9830        0.7850       -0.6690 
   1    H4        3.0270       -0.9680       -0.4480 
   1    H5        2.8180       -0.6660        2.0230 
   1    H6        2.7550        1.0870        1.8050 
   1    H7        5.0740        1.0350        0.8020 
   1    H8        5.1300       -0.7230        1.0710 
   1    H9        6.3050        0.5320        5.7160 
   1   H10        7.4370       -0.5870        7.5830 
   1   H11        9.4550       -1.9700        7.1780 
   1   H12       10.3810       -2.1740        4.8860 
   1   H13        9.2660       -1.0450        2.9860 

