Run semi-empirical minimization
 &qmmm
    qm_theory='AM1', grms_tol=0.0005,
 scfconv=1.d-10, ndiis_attempts=700,   qmcharge=0,
 /
   6     C        2.5560        1.2480       -0.8680 
   6    C1        2.5180       -0.0540       -0.0890 
   8     O        2.9910       -1.1340       -0.9070 
   6    C2        4.3420       -1.2790       -0.9630 
   8    O1        5.1580       -0.5800       -0.3740 
   6    C3        4.7200       -2.4120       -1.8660 
   1     H        2.1800        2.0760       -0.2600 
   1    H1        1.9460        1.1690       -1.7730 
   1    H2        3.5740        1.4870       -1.1920 
   1    H3        1.4850       -0.2870        0.1880 
   1    H4        3.0930        0.0160        0.8420 
   1    H5        3.8310       -2.9160       -2.2570 
   1    H6        5.3090       -3.1400       -1.3020 
   1    H7        5.2970       -2.0230       -2.7080 

