Run semi-empirical minimization
 &qmmm
    qm_theory='AM1', grms_tol=0.0005,
 scfconv=1.d-10, ndiis_attempts=700,   qmcharge=0,
 /
   6     C        1.0790        0.0800       -0.0520 
   6    C1        2.5950        0.1110        0.0320 
  16     S        3.0990        0.7130        1.6690 
   6    C2        4.8480        0.6460        1.4860 
   8     O        5.3840        0.2660        0.4520 
   6    C3        5.6250        1.0890        2.6930 
   1     H        0.7650       -0.2820       -1.0360 
   1    H1        0.6490        1.0780        0.0860 
   1    H2        0.6490       -0.5910        0.7000 
   1    H3        2.9950        0.7720       -0.7440 
   1    H4        2.9950       -0.8960       -0.1310 
   1    H5        4.9750        1.3930        3.5180 
   1    H6        6.2530        1.9420        2.4190 
   1    H7        6.2530        0.2630        3.0360 

